7203
8306
9432
9437
9984
2914
8316
9433
7267
6758
6954
6178
7751
6902
4063
8411
9983
4502
8058
7201
6098
6501
9020
9022
6503
5108
6752
3382
6301
8766
6367
4452
8001
8035
8031
4519
7269
8802
4689
1925
4503
8801
8750
7270
6971
6326
2502
4578
5401
8604
5020
2503
4568
8053
4901
4911
8725
1605
8830
3407
4543
4507
9735
8630
4523
9613
8309
4188
3402
6988
9021
6702
8267
5411
8015
8308
9202
7202
6506
5713
5802
1928
4324
8002
7733
7011
2269
4755
4005
8601
6762
9503
7211
8795
7272
1801
4151
9531
1812
2802
9005
5201
5332
9064
6724
9502
6479
6471
1802
7261
2801
8028
9532
6305
1803
9007
3436
7951
8729
7731
9766
7186
4704
8331
7205
7752
6701
9001
7912
4042
3861
4004
9062
8355
7012
9501
7911
5333
3405
4183
9602
9008
4021
2002
6473
6504
9009
4506
6770
6113
1963
5233
5002
6302
6841
7013
3289
2282
8354
1808
4902
3086
8303
5711
8304
3099
7735
9101
3401
5101
8252
9104
6361
2768
6857
5214
5801
1721
6952
5406
2871
8233
8804
4061
5901
8253
5706
2432
5301
4208
5803
6472
4272
5714
2531
3105
9107
7762
2501
8628
5631
6103
9301
4043
6674
6366
3863
6976
5232
5413
5703
1332
3101
9412
1333
7003
6703
9681
7004
5715
6773
5202
5707
5541
3103