005930
000660
005380
005490
051910
035420
105560
207940
012330
028260
032830
055550
015760
034730
017670
018260
090430
051900
096770
066570
003550
086790
033780
006400
011170
000810
251270
000270
010950
002790
034220
000030
010130
036570
024110
035720
006800
004020
009540
009150
030200
267250
021240
139480
018880
035250
161390
128940
008930
032640
023530
078930
088350
009830
001040
047810
086280
071050
004990
005830
097950
005940
036460
000720
029780
004800
271560
079440
002380
001450
009240
016360
012750
010060
282330
010140
008770
003490
241560
000880
138930
028050
011780
012630
000210
008560
007070
028670
000120
004170
011070
047050
026960
088980
204320
000100
007310
006280
006260
000150
000060
047040
039490
069960
042670
030000
006360
138040
042660
010620
120110
006650
010120
003410
267270
139130
069620
004370
000670
161890
114090
005250
009420
000240
051600
003520
004000
011210
020150
001800
012450
071840
034020
011790
000080
079160
003240
001740
181710
005440
017800
064350
111770
185750
115390
011200
103140
214320
057050
003690
014820
005610
192820
039130
226320
180640
012510
005300
003300
002350
003000
082640
079550
003540
267260
001120
001230
001440
010780
006040
023590
001430
105630
006840
020560
003470
081660
003090
093370
000370
000070
175330
089590
049770
145990
069260
170900
093050
005850
001680
001720
052690
018670
001060
009410
000640
008000
073240
272450
071320
108670
024720
020000
003620
034830
241590
007570
042700
002020
085620
019680
009970
145720
009450
271980
005880
014680
007700
064960
280360
123890
025540
002270
002240
029530
053210
060980
007460
005180
037560
192530
017810
058650
003030
034310
000990
003530
003230
079430
032350
031430
112610
033920
025860
006060
096760
004430
161000
006120
004380
138250
003920
005500
072710
009290
034120
031440
210980
192400
070960
001520
101530
249420
033270
003850
004490
004690
027410
000400
001820
002960
008730
126560
036580
078520
004130
101060
019170
002390
033240
183190
025620
010050
008060
017390
016450
234080
005420
007630
001510
074610
016580
014830
079980
005720
011810
030610
005810
102460
006380
000540
001200
097230
011690
033660
017940
008490
015350
000050
281820
003220
136490
003560
016800
001630
003060
037710
005690
084690
007690
002000
007160
001500
214420
081000
002990
122900
004710
213500
009680
000480
044820
095570
214390
152330
011930
001780
104700
007340
272550
009580
138490
002250
002320
025000
001270
001390
008700
017960
195870
002780
003120
002810
015860
123690
007810
102260
077500
082740
030210
268280
000430
001130
004870
200880
003070
029460
092230
004360
001250
007210
016380
002030
005680
011760
210540
003200
015360
004700
004960
095720
003570
001940
006390
004970
005070
001880
068400
027390
084010
039570
002450
012610
011280
000680
005740
000490
000140
036530
089470
003350
005950
143210
004150
103130
000860
001790
144620
003460
000970
001460
002210
004250
000390
026890
000320
020760
005960
006490
091090
005090
016610
013870
008040
044450
004560
229640
016880
248170
067830
092200
000700
128820
264900
002630
002460
000180
012690
267290
004060
009320
077970
001360
282690
001380
013520
194370
007660
007860
033530
005870
035150
004890
011160
090350
103590
004310
002310
002840
013570
041650
014280
030790
094280
007980
058430
017900
013580
009470
004540
019440
010820
117580
002150
100250
005430
017370
012200
005390
084680
084870
002360
000230
002620
092220
006220
017180
010690
003160
102280
100220
028100
011000
004840
069640
003830
035000
025560
015890
021820
032560
003960
075580
014790
004980
002600
004440
009270
035510
001470
003650
003280
024090
092440
075180
011700
009440
071970
227840
001530
130660
055490
016590
016740
002170
034590
004910
016710
006090
009310
090370
005800
006370
000650
023000
000850
001340
134380
002100
004720
012030
004200
009160
003480
063160
023800
016090
025750
008350
034300
085310
011090
002900
078000
017040
001570
100840
015230
002300
003080
024890
014530
012170
134790
015590
010960
037270
005750
111110
107590
058860
033180
011150
068290
002700
005010
009200
163560
053690
014710
004450
004080
005980
012800
047400
002720
012160
008600
120030
001750
058730
003580
009770
002820
093240
012320
000220
004410
058850
000890
014440
000500
005190
007590
002880
007110
145210
007540
002920
129260
006980
006660
155660
010770
000590
008260
105840
008250
004770
011230
001290
014160
083420
069730
004270
084670
006340
003610
049800
118000
079660
018470
008970
006570
004100
002760
017550
027740
023450
123700
001080
014580
023350
001070
088790
009070
001020
004830
025820
006880
011420
014910
000040
133820
011500
012280
010040
002140
119650
090080
006740
008870
025530
018500
015260
044380
014990
004090
001620
011330
001550
013360
002200
000910
007120
005110
001260
000300
009460
008420
005360
024070
007610
010100
014130
092780
101140
021050
001560
072130
006890
002220
000520
026940
010600
024900
214330
005820
000760
001210
093230
002690
004140
002070
023150
005320
010660
003010
002410
013700
013000
023810
071090
020120
030720
155900
145270
009190
002710
031820
023960
003720
008110
009810
005450
015020
006200
071950
003780
007280
006110
003680
027970
011300
010580
009180
002420
011390
004920
019180
009140
069460
000950
010420
005030
015540
172580
204210
002870
001420
140890
051630
025890
012600
008500
109070
153360
033250
019490
001770
010640
140910
001140
159650
083380
083370
000020
284740
285130