601398
601939
601857
601988
601288
601318
600519
600036
600028
601328
601628
601088
600104
601166
600000
600016
600900
601601
601766
601998
601668
600030
601818
600276
600887
600048
600050
600019
601800
601390
600585
601336
600018
603993
601169
601186
601238
600837
601111
603288
601006
601688
600690
600999
600015
600340
601989
601669
600606
600010
601933
600196
601600
600518
600309
600115
600703
601633
601888
600029
601899
601225
600009
601618
601727
600741
600011
600023
601009
601012
600406
600031
600383
601018
600660
600188
601898
601919
600297
600795
601788
600688
601901
600816
600547
601607
600663
600061
600487
600893
601992
600516
600809
603799
600221
601808
601377
600362
601877
600111
600600
600377
600066
600176
600886
601991
900945
600438
600233
600085
600637
600398
600208
600436
600332
600390
601198
600346
600515
600674
600682
600485
600760
600068
600867
600482
600157
600352
600535
600271
600522
601216
600089
600871
600497
601117
600177
601333
601699
600153
600170
600566
600236
600489
601233
600715
600027
600754
900934
600004
600219
600150
600998
900932
601866
600415
600588
600570
600808
600498
600299
600583
601158
600109
600339
600704
600426
601231
900948
600350
601555
600100
600521
600699
600118
600369
600291
601718
600528
600707
600376
600549
600298
600739
601880
600685
600584
600642
600201
600258
600179
600466
900928
600848
601099
600820
600008
601098
600787
600779
600183
601958
600338
600256
600392
600578
600804
600038
600777
601106
600373
600022
601872
600079
600875
600056
600782
601179
600282
600372
601000
601118
600315
600885
600160
600320
600649
600827
600895
900923
600872
600266
600026
600823
600835
600167
600317
600060
600598
600666
600021
601100
600884
601801
600507
600567
600511
600062
601928
600260
600879
601168
600525
600409
600582
600633
600155
600380
600648
600175
600967
600098
600161
601636
600755
600673
601005
600856
600572
600745
600623
600460
603077
600545
600277
600597
601003
601313
600166
600037
600612
600970
600325
601608
600126
600307
600548
600801
600348
600717
600143
600687
600500
600859
600751
600667
600811
600881
601139
600094
600393
600093
900925
600435
600639
600718
600138
600863
900911
601258
600702
600490
600007
600418
603939
600737
600486
600388
600873
600614
600655
600012
600864
600839
600874
600621
600643
600120
601222
601588
601666
600499
603766
600622
600575
600270
600771
600708
600446
600216
600039
600664
600252
600711
900909
600568
600803
600273
900947
600230
601011
600781
600978
600559
600845
600681
600125
600086
601799
600267
601567
600312
600862
600797
600185
600981
600400
600231
600240
600728
600197
600058
600428
603000
600635
600569
600269
600869
600491
601369
600477
600420
600763
600604
600017
600227
600764
900912
600483
600057
600748
900938
600395
600020
600172
900936
601113
600675
600295
601107
600162
600180
600064
600006
600640
600611
900905
600581
600090
600634
600828
600403
600580
600122
601515
600565
601311
600971
600335
600410
600323
601001
600432
600550
600132
600151
600331
900903
600337
601678
600694
600729
601886
601717
600618
900908
600546
600641
600123
600033
600069
600053
600986
600165
601908
600783
600851
900940
600146
600563
600502
600503
600110
600067
600290
600171
600997
600074
601101
600759
601918
600416
600366
600329
600096
603898
600733
600562
600758
600429
600743
600246
600651
601519
600657
600316
600770
600478
601929
600701
600456
600508
601058
600054
600293
601777
600072
600765
600206
601558
600158
600595
600963
600645
600596
601700
600993
600239
600217
900926
600035
600602
600184
600198
600638
600280
600990
600807
600169
603128
600988
600757
600720
600776
601388
600326
600141
600740
900907
600195
601116
600116
600182
600658
600084
600517
600557
600055
600965
600894
600773
600710
600966
600594
601002
601566
900913
600812
600190
600841
600200
600868
600308
600750
600108
600343
600617
601965
603399
600619
601339
603698
600475
600736
600509
600330
600761
600495
600536
600601
600300
600210
600187
600458
600075
600261
600073
600322
601677
600577
600381
600850
600059
600531
603008
600063
601010
600510
600742
600076
600620
600422
601137
600650
600305
600399
600512
600133
600129
900933
600686
600987
600609
600480
600661
600829
600897
600960
600103
900952
600652
600590
600292
900901
600676
600587
600744
900942
600628
600284
900917
600693
601028
600105
600481
600114
600846
600255
600121
601890
600876
600825
600629
600529
600496
600890
900937
600822
601126
600278
600551
600251
600586
600439
600691
600738
600790
600321
600818
600303
600775
600391
600814
600382
600211
600318
600698
600636
600345
900941
600892
600662
600603
600136
600973
600168
603167
600459
600880
600756
600552
600654
600726
603001
601599
600117
603618
600449
601038
600677
600826
600351
600684
600532
900904
600723
600433
600209
600896
600537
600626
600229
601188
600983
600360
600220
600888
600724
600207
600844
900921
600452
600389
600713
600668
600468
600285
900955
600780
600488
600794
900902
603003
600695
601199
600679
900916
600526
600363
600130
600533
900914
600805
600077
600425
600653
600479
600798
600401
600558
600824
600819
600831
600571
600070
601996
600722
600555
600979
600461
600785
603366
600576
600789
601008
600328
600530
600716
603222
600579
600523
600215
600589
600527
600855
600683
600616
600501
600843
900920
600203
600333
600396
600891
600467
600419
600630
600173
600212
600139
600961
600199
600368
600624
601518
600985
600106
600283
600834
600310
600613
601789
900910
600877
600163
600610
600995
600107
600083
600984
600735
600223
600119
600088
601999
600327
600355
600279
600135
600792
600830
600386
600721
603123
600712
900918
600387
600378
600730
600697
600592
600191
600815
600665
600870
600353
600081
600975
603289
600288
603002
600838
600097
600149
600539
900906
600071
601208
600336
600678
600189
600800
600747
600463
600882
900915
900924
600692
600354
600397
600082
600753
601616
600976
600858
600262
600268
600238
600749
600644
600725
601218
600599
600405
900930
600257
900946
600078
600791
600249
600361
600311
600052
600152
600159
601177
600113
600313
600706
600365
600836
600287
600250
600969
603333
601798
600810
600148
600131
601007
900929
603828
600358
600543
600982
600289
900927
600520
600367
600408
600784
600861
600319
600898
600243
600222
600802
600051
600732
600833
600186
600375
600774
600237
600234
600178
600228
600470
600101
900953
600469
600680
600865
600992
600593
600127
600247
600727
600275
600241
900919
600866
600281
600806
600538
600671
600202
600854
600192
600793
600821
600448
600370
600556
600218
600746
600962
600476
600265
600505
900956
600145
600080
600379
600356
600889
600853
600359
600714
600513
600731
600112
900957
600232
600137
600462
600608
600719
600615
600128
600647
600980
600506
600371
600696
600193
600769
600091
600493
600235
600860
600213
600883
600095
600573
600560
600272
900943
600444
600455
600156
600540
600796
600857
600302
600689
600767
600099
600423
900951
600847
900939
600605
600766
600561
600817
900922
600301
600306
600768
600778
600385
600421