601398
601939
601857
601988
601288
601318
600519
600036
600028
601328
601628
601088
600104
601166
600000
600016
600900
601601
601766
601998
601668
600030
601818
600276
600887
600048
600050
600019
601800
601390
600585
601336
600018
603993
601169
601186
601238
600837
601111
603288
601006
601688
600690
600999
600015
600340
601989
601669
600606
600010
601933
600196
601600
600518
600309
600115
600703
601633
601888
600029
601899
601225
600009
601618
601727
600741
600011
600023
601009
601012
600406
600031
600383
601018
600660
600188
601898
601919
600297
600795
601788
600688
601901
600816
600547
601607
600663
600061
600487
600893
601992
600516
600809
603799
600221
601808
601377
600362
601877
600111
600600
600377
600066
600176
600886
601991
900945
600438
600233
600085
600637
600398
600208
600436
600332
600390
601198
600346
600515
600674
600682
600485
600760
600068
600867
600482
600157
600352
600535
600271
600522
601216
600089
600871
600497
601117
600177
601333
601699
600153
600170
600566
600236
600489
601233
600715
600027
600754
900934
600004
600219
600150
600998
900932
601866
600415
600588
600570
600808
600498
600299
600583
601158
600109
600339
600704
600426
601231
900948
600350
601555
600100
600521
600699
600118
600369
600291
601718
600528
600707
600376
600549
600298
600739
601880
600685
600584
600642
600201
600258
600179
600466
900928
600848
601099
600820
600008
601098
600787
600779
600183
601958
600338
600256
600392
600578
600804
600038
600777
601106
600373
600022
601872
600079
600875
600056
600782
601179
600282
600372
601000
601118
600315
600885
600160
600320
600649
600827
600895
900923
600872
600266
600026
600823
600835
600167
600317
600060
600598
600666
600021
601100
600884
601801
600507
600567
600511
600062
601928
600260
600879
601168
600525
600409
600582
600633
600155
600380
600648
600175
600967
600098
600161
601636
600755
600673
601005
600856
600572
600745
600623
600460
603077
600545
600277
600597
601003
601313
600166
600037
600612
600970
600325
601608
600126
600307
600548
600801
600348
600717
600143
600687
600500
600859
600751
600667
600811
600881
601139
600094
600393
600093
900925
600435
600639
600718
600138
600863
900911
601258
600702
600490
600007
600418
603939
600737
600486
600388
600873
600614
600655
600012
600864
600839
600874
600621
600643
600120
601222
601588
601666
600499
603766
600622
600575
600270
600771
600708
600446
600216
600039
600664
600252
600711
900909
600568
600803
600273
900947
600230
601011
600781
600978
600559
600845
600681
600125
600086
601799
600267
601567